./icp_single_thread -s ../Data/armadillo-source.xyz -t ../Data/armadillo-target.xyz -o armadillo-single-thread
ICP Parameters:
  Source file: ../Data/armadillo-source.xyz
  Target file: ../Data/armadillo-target.xyz
  Output prefix: armadillo-single-thread
  Max iterations: 5
  Convergence threshold: 1e-06
  Outlier rejection threshold: 0.1
  Save interval: 1

Loaded 32385 points from ../Data/armadillo-source.xyz
Loaded 29885 points from ../Data/armadillo-target.xyz
Iteration 1, Error: 0.000314554, Improvement: 1.79769e+308
Iteration 2, Error: 0.000217395, Improvement: 9.7159e-05
Iteration 3, Error: 0.000111996, Improvement: 0.000105399
Iteration 4, Error: 5.23383e-05, Improvement: 5.96575e-05
Iteration 5, Error: 3.31756e-05, Improvement: 1.91626e-05
Final transformation matrix:
 0.889028  0.038425 -0.456238  0.000009
-0.028020  0.999170  0.029552 -0.002183
 0.456995 -0.013489  0.889367  0.001421
 0.000000  0.000000  0.000000  1.000000

Point cloud files saved:
- Initial state: armadillo-single-thread_initial.xyzrgb
- Iteration files: armadillo-single-thread_iter*.xyzrgb
- Final aligned result: armadillo-single-thread_final.xyzrgb
- Aligned source only (green): armadillo-single-thread_aligned.xyz

Target is blue, source is red, aligned source is green.

Execution time: 308.351579 seconds